6.340
1.470
10.868
1.778
2.346
16.302
7.278
21.038
2.138
6.916
14.758
0.310
4.300
126.998
9.592
2.158
11.734
6.530
300.750
23.480
21.558
5.370
9.066
0.938
21.112
4.926
4.348
16.364
4.318
15.812
7.518
38.782
25.420
1.956
7.820
4.602
1.064
5.410
2.114
1.696
8.096
8.076
16.598
80.872
4.992
4.582
50.250
8.902
28.754
3.646
4.102
7.246
99.922
33.850
9.302
3.824
2.406
16.182
14.432
20.514
2.216
39.604
43.928
1.496
46.692
14.560
4.900
44.174
6.450
2.404
17.812
10.828
5.180
2.500
7.838
2.560
3.890
9.020
3.332
3.906
1.482
5.702
70.556
11.034
0.986
8.940
6.548
34.210
4.950
2.380
17.506
2.002
10.380
24.972
22.332
14.442
39.612
16.048
6.380
5.190
